0 0.12591677295918371 0.5577965561224489 0.043447066326530635 0.033880739795918394
0 0.2068319515306123 0.5556042729591837 0.03866390306122449 0.02949617346938771
0 0.13030133928571433 0.6933195153061225 0.03866390306122449 0.0290975765306122
0 0.20703125000000006 0.6897321428571429 0.042251275510204064 0.028300382653061184
0 0.30867346938775514 0.6859454719387756 0.0390625 0.028698979591836694
0 0.3883928571428572 0.6879384566326531 0.03985969387755106 0.028698979591836694
0 0.38480548469387754 0.5540098852040817 0.033482142857142835 0.02949617346938771
0 0.3042889030612245 0.4214764030612246 0.0390625 0.034677933673469406
0 0.5942681760204083 0.4368223852040817 0.03706951530612255 0.03667091836734686
0 0.6640226403061226 0.4412069515306123 0.030691964285714236 0.03188775510204085
0 0.7200255102040818 0.4390146683673469 0.03188775510204085 0.03228635204081627
0 0.8643176020408163 0.5265066964285714 0.030293367346938816 0.034279336734693897
0 0.7202248086734695 0.5432477678571429 0.03228635204081627 0.032684948979591864
0 0.6626275510204083 0.5452407525510204 0.030293367346938816 0.032684948979591864
0 0.5968590561224489 0.5544084821428571 0.031090561224489832 0.031090561224489742
0 0.540656887755102 0.5538105867346939 0.026307397959183732 0.028300382653061184
0 0.5414540816326531 0.6646205357142858 0.031090561224489832 0.025908801020408136
0 0.6646205357142858 0.6638233418367347 0.027901785714285764 0.03627232142857144
1 0.48385682397959184 0.49302455357142866 0.04743303571428577 0.05978954081632652
1 0.4892378826530613 0.6289461096938777 0.04544005102040831 0.06457270408163263
