1 0.42170242922499696 0.264797805842582 0.03486242202390651 0.03946613088404134
1 0.5081440903908306 0.24486541650720756 0.03171908889060345 0.03547965301696649
1 0.6117312050110445 0.2237370838117107 0.0314333313330305 0.03547965301696649
1 0.6957439269375076 0.20818982013011864 0.03714848248449035 0.03787153973721137
0 0.3045418306200653 0.4051218267636179 0.03943454294507456 0.03388506187013649
0 0.4309895498461196 0.3808043117744611 0.03343363423604146 0.02989858400306161
0 0.48085424364260876 0.3714360887868351 0.03486242202390651 0.02949993621635414
0 0.6588812020105902 0.3349598163030999 0.037148482484490424 0.031493175149891584
0 0.7054596838949898 0.32678753667559646 0.028575755757300234 0.026310753922694195
1 0.20066895844227842 0.4128954586044139 0.033433634236041496 0.04783773440489857
1 0.21209926074519853 0.5394661308840414 0.03286211912089548 0.04664179104477612
1 0.22710153251778126 0.6825806863120297 0.02914727087244636 0.04664179104477612
0 0.31497198147148 0.5237195433090955 0.03800575515720958 0.04066207424416385
0 0.35469228197412755 0.5135540247480547 0.04486393653896161 0.037871539737211427
0 0.3131145573472554 0.5287026406429393 0.03200484644817648 0.029101288429646727
0 0.4451345489459833 0.5009966194667689 0.033147876678468434 0.02790534506952417
0 0.4931418186182479 0.49023312922566653 0.032576361563322456 0.02710804949610918
0 0.6710258982074429 0.4529595611685165 0.034576664466333486 0.02989858400306161
0 0.7181758952069884 0.4429933665008292 0.032862119120895254 0.02670940170940166
0 0.7557530140278386 0.43203055236637333 0.033147876678468656 0.02790534506952417
0 0.3264022837744001 0.6437125271080495 0.031147573775457398 0.028702640642939103
0 0.3622648572498121 0.6333476846536549 0.031433331333030425 0.027905345069524273
0 0.4585651541519144 0.6156078581451716 0.03429090690876046 0.028303992856231686
0 0.5077154540544712 0.6070369307309607 0.03600545225419847 0.032689118510013986
0 0.683884988298228 0.5705606582472255 0.03914878538750161 0.037074244163796385
0 0.7338925608735039 0.5580032529659397 0.035719694696625365 0.03587830080367393
0 0.7701837706852752 0.551425564485266 0.03229060400574966 0.032290470723306465
1 0.7839001334487794 0.7086921163413701 0.02943302843001954 0.03587830080367393
0 0.7823284668821279 0.6672327465237914 0.037148482484490576 0.03348641408342902
