0 0.9057038373860185 0.6728485942249239 0.012585486322188366 0.01590995440729488
0 0.9318246580547113 0.6710676291793314 0.014960106382978821 0.0156724924012158
0 0.933368161094225 0.7052621580547113 0.014722644376899652 0.017572188449848
0 0.9587765957446809 0.7025313449848024 0.0156724924012158 0.013060410334346528
0 0.8768522036474163 0.7065681990881458 0.01852203647416406 0.017809650455926994
0 0.8541745820668695 0.6747482902735562 0.01448518237082066 0.015435030395136806
0 0.8291223404255319 0.6764105243161094 0.016622340425531946 0.013535334346504602
0 0.8332779255319149 0.7088240881458967 0.016859802431610938 0.015197568389057725
0 0.7810362841945289 0.7115549012158053 0.014960106382978644 0.014960106382978733
0 0.777830547112462 0.6783102203647416 0.017097264437690107 0.012585486322188455
0 0.8058510638297871 0.6768854483282676 0.012822948328267626 0.011635638297872309
0 0.7549154635258358 0.6797349924012158 0.017809650455927084 0.013060410334346528
0 0.7327127659574467 0.6819908814589665 0.015197568389057725 0.013772796352583595
0 0.708016717325228 0.6836531155015197 0.01614741641337387 0.01472264437689974
0 0.7361559650455927 0.7147606382978724 0.01828457446808516 0.013772796352583595
0 0.709678951367781 0.7161854103343466 0.012348024316109462 0.01472264437689974
0 0.6823708206686929 0.7178476443768996 0.013772796352583504 0.016622340425531856
0 0.6580309650455927 0.6866213905775076 0.01590995440729488 0.014010258358662587
0 0.6340473024316109 0.6872150455927052 0.01448518237082066 0.012348024316109462
0 0.6363031914893617 0.720697188449848 0.0156724924012158 0.014247720364741668
0 0.6594557370820668 0.7189162234042554 0.015909954407294792 0.014960106382978733
0 0.6108947568389057 0.6891147416413373 0.01852203647416406 0.012348024316109462
0 0.6122007978723404 0.7228343465045592 0.015909954407294792 0.012822948328267447
0 0.5682703267477203 0.6979008358662614 0.015909954407294792 0.014722644376899652
0 0.4634308510638297 0.7037186550151976 0.01472264437689974 0.013060410334346528
0 0.40928951367781147 0.7050246960486322 0.01472264437689974 0.009973404255319096
0 0.19248670212765956 0.5924677051671733 0.01662234042553188 0.02802051671732526
0 0.1815634498480243 0.43182465805471126 0.01519756838905777 0.028732902735562237
0 0.1372767857142857 0.39406819908814594 0.03490691489361701 0.019709346504559244
0 0.14748765197568386 0.5523366261398176 0.03205737082066869 0.021371580547112502
0 0.10486322188449848 0.51268047112462 0.018522036474164127 0.03039513677811545
0 0.0939399696048632 0.3534621960486322 0.01662234042553192 0.031107522796352604
0 0.08396656534954405 0.21929616261398177 0.0166223404255319 0.03395706686930091
0 0.1286094224924012 0.2537281534954407 0.03419452887537992 0.017334726443768968
1 0.3265340045592705 0.4631696428571429 0.03490691489361701 0.04060600303951363
1 0.33448898176291786 0.5875997340425532 0.02944528875379939 0.03823138297872344
1 0.513179141337386 0.6403162993920972 0.033482142857142794 0.02398366261398177
1 0.565658244680851 0.6390102583586627 0.029682750759878383 0.022321428571428558
