1 0.4193709935897436 0.47120392628205127 0.0641025641025641 0.06109775641025639
1 0.4088541666666667 0.5608473557692307 0.04607371794871793 0.06209935897435894
0 0.07882612179487183 0.396083733974359 0.03405448717948718 0.034054487179487135
0 0.0713141025641026 0.4744591346153847 0.03104967948717948 0.0325520833333333
0 0.055288461538461585 0.5678585737179487 0.03705929487179487 0.027043269230769162
0 0.1409254807692308 0.4060997596153847 0.0390625 0.03605769230769225
0 0.1384214743589744 0.48272235576923084 0.03505608974358974 0.026041666666666696
0 0.26913060897435903 0.4168669871794872 0.03305288461538462 0.026542467948717972
0 0.32547075320512825 0.42287660256410253 0.030548878205128194 0.02754407051282053
0 0.376552483974359 0.42838541666666663 0.03956330128205128 0.02554086538461542
0 0.2606169871794872 0.49599358974358976 0.02904647435897436 0.02754407051282053
0 0.31720753205128205 0.5025040064102564 0.03305288461538458 0.02554086538461542
0 0.49123597756410253 0.4256310096153847 0.05158253205128203 0.03104967948717947
0 0.48096955128205127 0.5232872596153847 0.054086538461538505 0.028044871794871806
0 0.6174379006410258 0.6382211538461539 0.05158253205128203 0.02954727564102564
0 0.6239483173076923 0.5368088942307693 0.057592147435897446 0.0390625
0 0.6372195512820513 0.44290865384615385 0.05508814102564106 0.02954727564102564
0 0.7764423076923077 0.45793269230769235 0.047075320512820526 0.030548878205128194
0 0.8485576923076923 0.46193910256410253 0.05208333333333339 0.028545673076923083
0 0.7649238782051282 0.5515825320512822 0.054086538461538505 0.03155048076923075
0 0.8375400641025642 0.5570913461538461 0.050080128205128104 0.034555288461538505
0 0.8290264423076923 0.6532451923076923 0.057091346153846166 0.03655849358974361
