0 0.16836332070707077 0.4222695707070708 0.03511679292929291 0.02170138888888893
0 0.3447364267676768 0.4090514520202021 0.031960227272727335 0.01972853535353538
0 0.4060921717171718 0.40688131313131315 0.030776515151515138 0.015388257575757614
0 0.47356376262626265 0.4033301767676768 0.030776515151515048 0.023279671717171668
0 0.5402462121212122 0.3974116161616162 0.04024621212121211 0.02643623737373737
0 0.4779040404040405 0.5041429924242424 0.02604166666666661 0.01972853535353538
0 0.5449810606060607 0.5017755681818181 0.03235479797979792 0.02288510101010095
0 0.2865372474747475 0.5197285353535354 0.03551136363636367 0.019333964646464707
0 0.21847380050505052 0.5244633838383839 0.028803661616161592 0.01933396464646462
0 0.17447916666666669 0.5264362373737373 0.031565656565656575 0.014599116161616178
0 0.7671243686868687 0.41299715909090906 0.026830808080808132 0.02919823232323231
0 0.8168402777777779 0.41181344696969696 0.03472222222222223 0.021306818181818166
1 0.6655224116161615 0.6272490530303031 0.03748421717171713 0.023674242424242476
1 0.6558554292929293 0.4658696338383839 0.03787878787878789 0.037878787878787804
