1 0.26036658653846156 0.6742788461538461 0.03555689102564101 0.023537660256410308
1 0.09485176282051287 0.7278645833333333 0.0200320512820513 0.026542467948717886
2 0.20889136904761907 0.6364862351190477 0.02301897321428572 0.020228794642857116
0 0.5973748198847263 0.5314076008645532 0.03714877521613831 0.027692723342939464
0 0.6370001801152737 0.528255583573487 0.02454070605187324 0.01688580691642656
0 0.690471902017291 0.5221766930835734 0.028368155619596536 0.014634365994236287
0 0.7291966858789625 0.5171109510086456 0.023865273775216078 0.018011527377521652
0 0.5909582132564841 0.46307636887608067 0.0301693083573487 0.01530979827089336
0 0.6300207132564841 0.4595866354466859 0.027242435158501443 0.01733609510086449
0 0.6884456051873199 0.4523820244956772 0.03152017291066285 0.017786383285302597
0 0.7249189481268011 0.44720371037463985 0.023865273775216078 0.01598523054755043
0 0.6211275216138328 0.38945425072046114 0.029268731988472574 0.018011527377521607
0 0.678539265129683 0.3833753602305476 0.024765850144092206 0.018461815561959673
0 0.71827719740634 0.3804484870317003 0.028593299711815588 0.020262968299711838
