0 0.13403566919191925 0.41970486111111116 0.04064078282828278 0.044191919191919206
0 0.333688446969697 0.40628945707070707 0.043008207070707 0.02840909090909096
0 0.5307765151515151 0.36071654040404044 0.0481376262626263 0.02959280303030303
0 0.5948942550505051 0.3557844065656566 0.033538510101010034 0.030776515151515183
0 0.6047585227272727 0.4717881944444445 0.0390625 0.027619949494949482
0 0.665719696969697 0.4672506313131313 0.04024621212121211 0.02959280303030303
0 0.5382733585858587 0.47277462121212127 0.04734848484848495 0.023279671717171713
0 0.34453914141414144 0.5189393939393939 0.041824494949494986 0.028803661616161592
0 0.2703598484848485 0.5238715277777779 0.03708964646464645 0.023674242424242476
0 0.20643939393939398 0.5286063762626263 0.036300505050505104 0.02840909090909083
0 0.14666193181818182 0.6446101641414141 0.04142992424242422 0.03235479797979792
0 0.2149226641414142 0.6418481691919192 0.030381944444444465 0.0299873737373737
0 0.2770675505050505 0.63671875 0.027619949494949482 0.02525252525252526
0 0.6730192550505051 0.5733901515151516 0.04379734848484844 0.03432765151515156
0 0.8162484217171716 0.3295454545454546 0.03669507575757569 0.03669507575757578
0 0.7880366161616162 0.3912957702020202 0.02998737373737379 0.030776515151515093
0 0.8221669823232324 0.3877446338383838 0.0224905303030301 0.02919823232323231
0 0.8531407828282829 0.38478535353535354 0.026041666666666786 0.026436237373737414
0 0.8805634469696969 0.3851799242424243 0.020912247474747403 0.028803661616161637
0 0.7937578914141415 0.4461410984848485 0.031960227272727425 0.023674242424242386
0 0.8551136363636364 0.44278724747474757 0.02525252525252526 0.025647095959595932
0 0.8868765782828282 0.4402225378787879 0.02170138888888893 0.02525252525252526
1 0.7247080176767677 0.4017518939393939 0.05011047979797993 0.06036931818181816
1 0.7361505681818182 0.5199258207070707 0.04142992424242422 0.053661616161616174
