0 0.33448517628205127 0.38131009615384615 0.03555689102564101 0.06260016025641021
0 0.5087640224358975 0.38231169871794873 0.044571314102564055 0.06159855769230767
0 0.8365384615384617 0.3064403044871795 0.040064102564102554 0.0671073717948718
0 0.6810396634615385 0.6780348557692308 0.0325520833333333 0.06109775641025648
0 0.6820412660256411 0.8670873397435898 0.03856169871794872 0.059595352564102554
0 0.5067608173076923 0.8673377403846153 0.037560096153846166 0.06610576923076916
0 0.33348357371794873 0.8653345352564102 0.037560096153846124 0.0651041666666666
0 0.5075120192307693 0.6780348557692308 0.03205128205128212 0.057091346153846256
0 0.1829927884615385 0.3024338942307693 0.035056089743589716 0.053084935897435945
1 0.12314703525641031 0.29867788461538464 0.03956330128205128 0.037560096153846076
1 0.8988882211538464 0.30869391025641024 0.03155048076923084 0.037560096153846076
