1 0.37304687500000006 0.2853555484693878 0.04105548469387754 0.05022321428571428
1 0.3184390943877552 0.498405612244898 0.055404974489795936 0.05620216836734695
0 0.20125159438775514 0.21799266581632662 0.030691964285714322 0.02869897959183674
0 0.19905931122448983 0.2512755102040817 0.025510204081632716 0.027503188775510213
0 0.19467474489795925 0.28136957908163274 0.024713010204081697 0.023915816326530594
0 0.18012595663265313 0.34614158163265313 0.02989477040816326 0.03069196428571428
0 0.16298628826530617 0.47369260204081637 0.022720025510204113 0.027503188775510168
0 0.13109853316326536 0.6656170280612246 0.025908801020408177 0.027104591836734658
0 0.2771843112244899 0.22975127551020416 0.021524234693877542 0.027503188775510213
0 0.26961096938775514 0.26183832908163274 0.02471301020408161 0.02869897959183674
0 0.26721938775510207 0.2945232780612245 0.023915816326530594 0.023118622448979574
0 0.2622369260204082 0.3256138392857143 0.026705994897959152 0.026307397959183687
0 0.23592952806122452 0.48246173469387754 0.02431441326530619 0.025111607142857116
0 0.4256616709183674 0.29292889030612257 0.026705994897959152 0.02790178571428572
0 0.3736447704081633 0.5045838647959184 0.03188775510204085 0.034279336734693897
0 0.47747927295918374 0.5795200892857143 0.052216198979591864 0.032684948979591864
0 0.5452407525510206 0.5922751913265307 0.045041454081632626 0.028698979591836694
0 0.6879384566326532 0.6066246811224489 0.042649872448979664 0.032684948979591864
0 0.7503188775510206 0.6273517219387755 0.052614795918367284 0.034279336734693897
0 0.7722417091836735 0.5077726403061225 0.04703443877551017 0.03746811224489797
0 0.7058753188775511 0.5049824617346939 0.052216198979591864 0.035076530612244916
0 0.5627790178571429 0.47429049744897966 0.04663584183673466 0.027901785714285678
0 0.49661192602040816 0.46213329081632654 0.04185267857142856 0.028300382653061184
