1 0.09734059343434347 0.42384785353535354 0.03274936868686877 0.03432765151515156
1 0.14271622474747478 0.4204940025252526 0.03196022727272725 0.03472222222222223
1 0.4702099116161616 0.3186947601010101 0.03511679292929291 0.0560290404040404
1 0.6021938131313131 0.6694681186868687 0.03314393939393927 0.05681818181818175
1 0.09240845959595964 0.3837989267676768 0.030776515151515138 0.02840909090909092
1 0.14094065656565663 0.38281250000000006 0.030776515151515138 0.033538510101010124
1 0.2707544191919192 0.3808396464646465 0.031565656565656575 0.03196022727272725
2 0.4660669191919192 0.2484611742424243 0.11994949494949499 0.03630050505050506
0 0.13521938131313135 0.525647095959596 0.035116792929293 0.02170138888888884
0 0.17862215909090912 0.5238715277777779 0.02406881313131306 0.023674242424242476
0 0.22222222222222227 0.5232796717171718 0.024463383838383822 0.02406881313131306
0 0.38636363636363635 0.5201231060606061 0.029198232323232265 0.020912247474747493
0 0.4295691287878788 0.5203203914141414 0.02643623737373737 0.023674242424242386
0 0.43568497474747475 0.6219223484848485 0.036300505050505014 0.022490530303030276
0 0.3891256313131314 0.6231060606060607 0.024463383838383822 0.028803661616161592
0 0.26680871212121215 0.6240924873737373 0.026830808080808045 0.023674242424242476
0 0.09872159090909097 0.6331676136363636 0.023674242424242476 0.030776515151515228
0 0.22399779040404044 0.6270517676767677 0.022490530303030366 0.030381944444444465
0 0.9255445075757576 0.444168244949495 0.035905934343434254 0.029198232323232355
0 0.9320549242424242 0.5885811237373737 0.039457070707070586 0.03314393939393936
0 0.6984690656565657 0.594302398989899 0.06470959595959602 0.0390625
0 0.7777777777777779 0.5970643939393939 0.06707702020202015 0.03827335858585856
0 0.7712673611111113 0.3100142045454546 0.06826073232323226 0.03235479797979797
2 0.5854245580808082 0.5727982954545455 0.03748421717171713 0.10653409090909091
