0 0.23679315476190474 0.19866071428571427 0.024181547619047627 0.018601190476190486
0 0.26953125 0.19903273809523808 0.0234375 0.0200892857142857
0 0.3210565476190476 0.1994047619047619 0.019345238095238092 0.01785714285714284
0 0.34728422619047616 0.197172619047619 0.01748511904761907 0.01785714285714286
0 0.3759300595238095 0.19847470238095238 0.021949404761904788 0.014508928571428558
0 0.4343377976190476 0.19754464285714285 0.018229166666666696 0.018601190476190486
0 0.4600074404761905 0.1968005952380952 0.019717261904761953 0.015624999999999977
0 0.48939732142857134 0.19456845238095238 0.02046130952380958 0.017113095238095254
0 0.6504836309523809 0.19215029761904762 0.021205357142857116 0.016741071428571397
0 0.6515997023809523 0.2561383928571429 0.019717261904761862 0.01897321428571428
0 0.48976934523809523 0.2600446428571429 0.018973214285714322 0.019345238095238092
0 0.46205357142857134 0.2609747023809524 0.019345238095238047 0.018229166666666696
0 0.4326636904761905 0.25930059523809523 0.023809523809523815 0.014880952380952373
0 0.37704613095238093 0.26209077380952384 0.021205357142857116 0.017485119047619024
0 0.35044642857142855 0.26134672619047616 0.020833333333333304 0.019717261904761908
0 0.3212425595238095 0.2611607142857143 0.019717261904761908 0.017113095238095254
0 0.26971726190476186 0.26209077380952384 0.02083333333333335 0.016741071428571442
0 0.23902529761904762 0.26023065476190477 0.02269345238095242 0.01748511904761907
0 0.546688988095238 0.49255952380952384 0.02641369047619051 0.017857142857142884
0 0.6080729166666666 0.49330357142857134 0.041294642857142794 0.027529761904761953
0 0.6588541666666666 0.4912574404761904 0.04017857142857144 0.022693452380952373
0 0.7181919642857142 0.49032738095238093 0.03980654761904763 0.02083333333333339
0 0.7747395833333333 0.4914434523809524 0.03980654761904763 0.023065476190476185
0 0.8292410714285715 0.49367559523809523 0.03497023809523814 0.023065476190476185
0 0.8303571428571427 0.5731026785714286 0.04092261904761916 0.022693452380952373
0 0.886346726190476 0.5695684523809523 0.04352678571428577 0.02157738095238093
0 0.7739955357142857 0.5770089285714285 0.04501488095238102 0.02157738095238093
0 0.7198660714285714 0.5762648809523809 0.04092261904761907 0.02157738095238102
0 0.6625744047619048 0.576078869047619 0.04315476190476186 0.018229166666666696
0 0.6067708333333333 0.577938988095238 0.03720238095238102 0.024181547619047627
0 0.5509672619047619 0.5773809523809523 0.03497023809523814 0.017857142857142884
0 0.4934895833333333 0.5786830357142857 0.03459821428571423 0.0234375
0 0.38151041666666663 0.5811011904761905 0.04055059523809521 0.017857142857142884
0 0.38039434523809523 0.4977678571428571 0.03459821428571428 0.017113095238095254
0 0.49330357142857134 0.49609375 0.03497023809523805 0.021205357142857116
1 0.3839285714285714 0.3627232142857143 0.05133928571428568 0.029761904761904746
1 0.48697916666666663 0.33463541666666663 0.043898809523809576 0.030133928571428558
1 0.6629464285714285 0.33240327380952384 0.039434523809523815 0.02864583333333335
