1 0.5025908801020409 0.547233737244898 0.042649872448979664 0.05022321428571423
1 0.450374681122449 0.653061224489796 0.04025829081632652 0.05699936224489797
0 0.38620057397959184 0.42865114795918374 0.04982461734693881 0.032286352040816355
0 0.28156887755102045 0.3760363520408164 0.05660076530612246 0.03627232142857144
0 0.2297512755102041 0.4738919005102041 0.04623724489795924 0.034279336734693897
0 0.18072385204081637 0.5769292091836735 0.04145408163265303 0.033083545918367374
0 0.28575414540816324 0.625358737244898 0.04185267857142856 0.03188775510204085
0 0.3351801658163266 0.6548549107142858 0.03786670918367348 0.02949617346938771
0 0.7367665816326532 0.5621811224489797 0.02391581632653068 0.025111607142857206
0 0.7622767857142858 0.5458386479591837 0.018335459183673564 0.02192283163265314
0 0.6787707270408163 0.4709024234693878 0.020328443877551016 0.030691964285714322
0 0.7030851403061226 0.46133609693877553 0.021125637755102032 0.0243144132653061
0 0.7281967474489796 0.4471859056122449 0.021922831632653052 0.026307397959183732
0 0.7543048469387755 0.4264588647959184 0.01992984693877542 0.024713010204081697
0 0.8003427933673469 0.40035076530612246 0.029894770408163397 0.02351721938775504
0 0.7849968112244898 0.5340800382653061 0.019132653061224403 0.027104591836734658
0 0.8091119260204082 0.5177375637755102 0.018734056122448984 0.022321428571428558
0 0.8324298469387756 0.5051817602040817 0.022321428571428648 0.02670599489795924
0 0.8593351403061226 0.4916294642857143 0.022720025510204068 0.025111607142857116
