0 0.7018229166666667 0.297979797979798 0.048532196969696885 0.0469539141414141
1 0.5171638257575758 0.6895912247474747 0.029592803030302938 0.03551136363636358
2 0.5258443813131313 0.6272490530303031 0.029592803030302938 0.026830808080808045
1 0.5291982323232324 0.473761047979798 0.04340277777777768 0.04340277777777786
0 0.6605902777777779 0.6045612373737373 0.041824494949494986 0.02959280303030303
0 0.6390861742424242 0.39583333333333337 0.028014520202020242 0.03827335858585856
0 0.6807133838383839 0.44614109848484845 0.048926767676767645 0.030776515151515138
0 0.6183712121212122 0.5497159090909092 0.030776515151515228 0.03196022727272725
0 0.15613162878787884 0.8115135732323232 0.013020833333333304 0.024463383838383645
0 0.16244476010101017 0.7637705176767676 0.013020833333333304 0.022095959595959603
0 0.16560132575757577 0.7347695707070707 0.01617739898989896 0.024857954545454496
0 0.16777146464646467 0.7077414772727273 0.014204545454545414 0.021306818181818166
0 0.1730981691919192 0.6830808080808082 0.01617739898989896 0.023279671717171713
0 0.17862215909090912 0.6556581439393939 0.011442550505050431 0.018150252525252507
0 0.23879419191919196 0.6643386994949495 0.016571969696969724 0.01972853535353538
0 0.23267834595959597 0.7193813131313131 0.01854482323232327 0.024857954545454496
0 0.2245896464646465 0.7718592171717172 0.015782828282828287 0.018544823232323183
0 0.2159090909090909 0.8190104166666666 0.01499368686868685 0.020517676767676817
0 0.21255523989898992 0.8602430555555556 0.01617739898989905 0.018544823232323183
2 0.5380760732323233 0.4070785984848485 0.03511679292929308 0.03551136363636367
