0 0.2026174081920904 0.42372881355932207 0.01920021186440679 0.014124293785310726
0 0.22921080508474576 0.42008739406779655 0.02339336158192089 0.013020833333333304
0 0.29343220338983045 0.40817002118644063 0.01809675141242937 0.012138064971751383
0 0.3214600988700565 0.402100988700565 0.023834745762711895 0.011917372881355925
0 0.35643979519774005 0.3966940324858757 0.02008298022598871 0.013903601694915224
0 0.5067311087570622 0.3683350988700565 0.02317266949152543 0.013682909604519766
0 0.5396142302259888 0.362597104519774 0.020524364406779672 0.015448446327683652
0 0.6019597457627118 0.35189353813559326 0.02295197740112993 0.014786370056497189
0 0.734375 0.33699682203389825 0.019862288135593254 0.014565677966101687
0 0.764940854519774 0.3899629237288136 0.019641596045197753 0.017213983050847446
0 0.764940854519774 0.43730137711864414 0.02317266949152543 0.013903601694915313
0 0.6394774011299436 0.39812853107344626 0.021627824858757094 0.014565677966101687
0 0.6508430437853108 0.44094279661016955 0.02626235875706211 0.018538135593220328
0 0.48918608757062143 0.4250529661016949 0.02206920903954801 0.01280014124293789
0 0.5231726694915254 0.4649982344632768 0.02913135593220346 0.02206920903954801
0 0.49128266242937857 0.4677568855932203 0.028469279661016957 0.019641596045197753
0 0.4281647245762712 0.4374117231638418 0.02317266949152543 0.01809675141242941
0 0.4346751412429379 0.4780190677966102 0.027365819209039532 0.020745056497175174
0 0.3427568855932203 0.4968882415254237 0.025379590395480232 0.02096574858757059
0 0.31219103107344626 0.499757238700565 0.022951977401129975 0.020524364406779582
0 0.24852136299435026 0.5115642655367232 0.023614053672316348 0.020745056497175174
0 0.27379060734463273 0.4662120409604519 0.019420903954802247 0.014786370056497144
0 0.2805217161016949 0.5088056144067796 0.023614053672316393 0.017434675141242906
