0 0.7221433080808081 0.29955808080808083 0.02525252525252526 0.04300820707070709
0 0.7207623106060607 0.2354403409090909 0.02406881313131315 0.03630050505050506
0 0.8227588383838385 0.30587121212121215 0.02288510101010104 0.03669507575757578
0 0.7178030303030304 0.6313920454545455 0.026041666666666786 0.04300820707070709
0 0.7162247474747475 0.5074968434343434 0.026041666666666786 0.04379734848484853
0 0.587594696969697 0.5029592803030304 0.022095959595959513 0.044191919191919206
0 0.5852272727272727 0.6248816287878789 0.026041666666666786 0.04577020202020199
0 0.6227114898989898 0.2382023358585859 0.02288510101010104 0.033143939393939406
0 0.24116161616161622 0.49270044191919193 0.018150252525252507 0.033933080808080794
0 0.17980587121212124 0.4907275883838384 0.022490530303030366 0.03314393939393945
0 0.12160669191919196 0.4897411616161616 0.020517676767676817 0.028014520202020155
0 0.12140940656565657 0.5493213383838385 0.020123106060606057 0.02959280303030303
0 0.1803977272727273 0.5495186237373738 0.018150252525252507 0.027619949494949482
0 0.11864741161616169 0.58364898989899 0.022490530303030276 0.025647095959595932
0 0.18059501262626262 0.5858191287878788 0.020123106060606057 0.0299873737373737
0 0.23958333333333334 0.5883838383838385 0.02051767676767673 0.030381944444444465
0 0.1192392676767677 0.6418481691919192 0.02051767676767673 0.03314393939393936
0 0.18000315656565663 0.6438210227272727 0.018150252525252507 0.0299873737373737
0 0.23958333333333334 0.6467803030303031 0.022095959595959603 0.03432765151515147
0 0.23701862373737376 0.6830808080808082 0.027225378787878805 0.027225378787878805
0 0.1821732954545455 0.6822916666666667 0.024857954545454496 0.02722537878787872
0 0.1210148358585859 0.6811079545454545 0.020123106060606057 0.02959280303030303
1 0.40017361111111105 0.5025647095959596 0.03472222222222223 0.05050505050505052
1 0.3985953282828283 0.6290246212121213 0.03472222222222214 0.05721275252525251
