0 0.799287556007347 0.2553327949071215 0.0353386181291474 0.09382868544823982
0 0.8088856992029179 0.40241024910130335 0.03577489736530967 0.09580819358005929
0 0.722720550060861 0.32996025147671315 0.0340297804206605 0.1068934391182479
0 0.7380993931355826 0.47941311542907816 0.03163024462176773 0.09699589845915085
1 0.5894372434132743 0.11063075047112295 0.06195165153504855 0.07522130900913741
1 0.5873649170415033 0.31986476000443415 0.07569444747416139 0.13816966760099447
1 0.46389789320756863 0.36380984053082494 0.06478746657010359 0.15638114241373302
0 0.29854806270205186 0.4794131154290782 0.03250280309409236 0.09303688219551201
0 0.3133815567315705 0.6274803236891697 0.02944884844095614 0.09145327569005655
0 0.23321524708674543 0.6074872915577938 0.02835815035055037 0.09105737406369271
0 0.2146733795498471 0.46139959142952164 0.027921871114388024 0.09659999683278701
0 0.24488571665408732 0.3424311527071754 0.0503902517767472 0.07165819437186247
0 0.3327959827407935 0.1761524696343453 0.02857628996863155 0.06374016184458488
