1 0.9553674768518519 0.3206018518518519 0.01808449074074083 0.02278645833333335
0 0.15241608796296297 0.6723451967592592 0.03761574074074074 0.027488425925925864
0 0.28587962962962965 0.67578125 0.03472222222222223 0.02350983796296289
0 0.39728009259259256 0.6763237847222221 0.03906249999999996 0.025318287037037025
0 0.5037977430555556 0.6779513888888888 0.03653067129629637 0.024956597222222144
0 0.6137514467592593 0.6806640625 0.03508391203703702 0.020978009259259255
0 0.04535590277777781 0.5685402199074074 0.03110532407407405 0.02676504629629628
0 0.15386284722222227 0.5721571180555556 0.03327546296296298 0.023148148148148185
0 0.28967737268518523 0.5757740162037036 0.03436053240740735 0.01953125
0 0.3974609375 0.5786675347222221 0.03436053240740731 0.02025462962962967
0 0.507052951388889 0.583912037037037 0.03870081018518512 0.023509837962962975
0 0.6130280671296295 0.5831886574074073 0.03508391203703702 0.02423321759259256
0 0.0475260416666667 0.4641927083333333 0.03544560185185182 0.025679976851851905
0 0.15567129629629628 0.46997974537037035 0.03761574074074074 0.01989293981481488
0 0.29184751157407407 0.4768518518518518 0.03653067129629637 0.01772280092592595
0 0.40143952546296297 0.47413917824074076 0.03870081018518516 0.01953125
0 0.508861400462963 0.4793836805555555 0.03436053240740744 0.01916956018518521
0 0.618091724537037 0.47775607638888884 0.03725405092592595 0.020254629629629584
