1 0.15501434948979592 0.4563536352040816 0.03866390306122449 0.03746811224489797
1 0.37224968112244905 0.42885044642857145 0.04105548469387754 0.030293367346938816
1 0.8601323341836735 0.36248405612244905 0.03148915816326543 0.03228635204081631
0 0.0828683035714286 0.5558035714285714 0.026705994897959152 0.021125637755102032
0 0.12332589285714293 0.5496253188775511 0.027901785714285764 0.018335459183673474
0 0.25147480867346944 0.5380660076530612 0.025111607142857116 0.020727040816326526
0 0.20065369897959187 0.5364716198979591 0.027104591836734658 0.01913265306122449
0 0.30110012755102045 0.5304926658163266 0.027901785714285764 0.015146683673469408
0 0.33996332908163274 0.526108099489796 0.02431441326530619 0.017538265306122368
0 0.37763073979591844 0.5213249362244898 0.026307397959183732 0.016741071428571442
0 0.4192841198979592 0.517936862244898 0.025111607142857116 0.017139668367346948
0 0.46572066326530626 0.5133529974489797 0.024713010204081697 0.01992984693877551
0 0.5779257015306124 0.48385682397959184 0.021125637755102032 0.018335459183673474
0 0.6080197704081634 0.48166454081632654 0.017538265306122368 0.01953125
0 0.6953125000000001 0.47249681122448983 0.023118622448979487 0.020328443877551016
0 0.7260044642857144 0.46811224489795916 0.02232142857142847 0.015545280612244828
0 0.7853954081632655 0.4611367984693878 0.024713010204081697 0.015943877551020426
0 0.872688137755102 0.4493781887755103 0.02391581632653068 0.020328443877551016
0 0.9039779974489797 0.44738520408163274 0.020328443877551016 0.01713966836734686
0 0.94921875 0.4467873086734694 0.027901785714285587 0.015943877551020336
0 0.04759247448979598 0.6137994260204082 0.0294961734693878 0.018335459183673474
0 0.08884725765306127 0.6082190688775511 0.025111607142857206 0.01913265306122449
0 0.1269132653061225 0.6052295918367347 0.031090561224489832 0.018734056122448984
0 0.1681680484693878 0.599250637755102 0.025908801020408222 0.021922831632653052
0 0.2572544642857143 0.5892857142857143 0.027901785714285678 0.017936862244897968
0 0.20942283163265313 0.6084183673469388 0.025510204081632626 0.013950892857142882
0 0.3052853954081633 0.5837053571428571 0.028300382653061274 0.01713966836734686
0 0.42406728316326536 0.5693558673469388 0.028300382653061184 0.022720025510204068
0 0.5071747448979593 0.5605867346938775 0.0294961734693878 0.017936862244897968
0 0.5508211096938778 0.5356744260204082 0.025111607142857116 0.020727040816326526
0 0.670998086734694 0.5203284438775511 0.020727040816326613 0.015545280612244916
0 0.7574936224489797 0.5091677295918368 0.0294961734693878 0.017139668367346948
0 0.789779974489796 0.508171237244898 0.020727040816326613 0.016741071428571442
0 0.845982142857143 0.5007971938775511 0.02471301020408152 0.017139668367346948
0 0.9073660714285715 0.4958147321428571 0.023118622448979664 0.017538265306122458
