0 0.7061002522068096 0.41645649432534676 0.03861916771752828 0.04216582597730138
0 0.7074795081967212 0.5472887767969735 0.029555485498108398 0.04453026481715005
0 0.601670870113493 0.3463114754098361 0.033102143757881425 0.03586065573770492
0 0.6034441992433796 0.4860104035308954 0.042953972257250984 0.03704287515762929
0 0.6058086380832282 0.6182219419924339 0.03980138713745272 0.050047288776796976
0 0.4375394073139975 0.6174337957124844 0.04531841109709958 0.04374211853720052
0 0.5031525851197982 0.6176308322824717 0.039407313997477954 0.03940731399747802
0 0.43497793190416145 0.4846311475409836 0.046500630517024015 0.042953972257250915
0 0.49862074401008827 0.48147856242118536 0.04453026481715005 0.04058953341740225
0 0.3283811475409836 0.4854192938209332 0.04137767969735178 0.03980138713745272
0 0.264344262295082 0.4869955863808323 0.04177175283732669 0.03586065573770492
0 0.2671027742749054 0.6221626733921817 0.04177175283732655 0.034284363177805796
0 0.09883354350567466 0.488374842370744 0.040195460277427486 0.03546658259773009
0 0.16444672131147545 0.49192150063051704 0.03743694829760399 0.03625472887767969
0 0.09036097099621693 0.35734552332912994 0.04137767969735178 0.03901324085750312
0 0.1599148802017655 0.35892181588902905 0.040195460277427486 0.03270807061790666
0 0.2623738965952081 0.35596626733921816 0.03783102143757889 0.033890290037831027
0 0.3289722572509458 0.3591188524590164 0.03861916771752828 0.03231399747793189
0 0.43143127364438844 0.35241960907944514 0.036254728877679825 0.029949558638083233
0 0.4980296343001261 0.3524196090794452 0.039407313997477815 0.027585119798234567
