1 0.7647321428571429 0.44196428571428575 0.020535714285714324 0.025892857142857207
1 0.7700892857142858 0.51171875 0.021428571428571443 0.0234375
0 0.7486607142857142 0.5152901785714287 0.014285714285714323 0.017633928571428557
0 0.7424107142857143 0.44397321428571423 0.016517857142857206 0.020089285714285678
0 0.42667410714285714 0.49598214285714287 0.015401785714285765 0.015625
0 0.43225446428571423 0.5420758928571429 0.0171875 0.0140625
0 0.39933035714285714 0.49910714285714286 0.014285714285714235 0.013392857142857118
0 0.4033482142857142 0.54375 0.01919642857142856 0.013392857142857118
0 0.3591517857142857 0.5046875 0.01696428571428572 0.016964285714285765
0 0.36372767857142857 0.5474330357142858 0.015848214285714323 0.014508928571428558
0 0.2994419642857143 0.509375 0.01986607142857144 0.010267857142857117
0 0.30234375 0.5550223214285714 0.01897321428571428 0.011830357142857118
0 0.2674107142857143 0.5561383928571428 0.01830357142857144 0.014508928571428558
0 0.2629464285714286 0.51328125 0.01607142857142856 0.0140625
0 0.23448660714285713 0.51640625 0.016294642857142837 0.014955357142857117
0 0.1158482142857143 0.5283482142857142 0.02008928571428572 0.01517857142857144
0 0.14575892857142858 0.5236607142857143 0.01919642857142856 0.014732142857142794
1 0.19899553571428572 0.46328125 0.022098214285714256 0.018526785714285766
1 0.22488839285714288 0.459375 0.01897321428571428 0.017410714285714234
