0 0.0962213010204082 0.4256616709183674 0.035076530612244916 0.03188775510204085
0 0.09841358418367349 0.5860969387755102 0.03627232142857144 0.032286352040816355
0 0.22018494897959187 0.584701849489796 0.03667091836734695 0.030293367346938816
0 0.22098214285714288 0.4274553571428571 0.032684948979591864 0.02431441326530619
0 0.30827487244897955 0.42466517857142866 0.03826530612244898 0.028300382653061274
0 0.3118622448979592 0.5851004464285714 0.035873724489795936 0.032684948979591864
0 0.4314413265306123 0.4228714923469388 0.042251275510204064 0.030293367346938816
0 0.15680803571428575 0.37085459183673475 0.0318877551020408 0.032286352040816355
0 0.36965880102040816 0.3712531887755103 0.02949617346938771 0.029097576530612245
0 0.5753348214285714 0.4220742984693878 0.04145408163265305 0.030293367346938726
0 0.6973054846938777 0.4208785076530612 0.035873724489795936 0.022321428571428558
0 0.7879862882653061 0.42008131377551017 0.034677933673469316 0.027104591836734658
0 0.9121492346938777 0.42067920918367346 0.033482142857142884 0.026705994897959152
0 0.4330357142857143 0.5845025510204082 0.03188775510204085 0.025908801020408222
0 0.5771285076530612 0.5849011479591837 0.03706951530612246 0.02431441326530619
0 0.698501275510204 0.5831074617346939 0.03746811224489797 0.025510204081632716
0 0.788982780612245 0.5819116709183674 0.03826530612244898 0.024713010204081697
0 0.9123485331632655 0.5801179846938775 0.035475127551020516 0.0243144132653061
0 0.372249681122449 0.6337292729591837 0.026705994897959152 0.031090561224489742
0 0.6383131377551021 0.6317362882653061 0.02391581632653068 0.030293367346938726
1 0.7939652423469388 0.6275510204081632 0.03627232142857153 0.033083545918367374
1 0.9103555484693878 0.6323341836734694 0.0386639030612244 0.041852678571428645
