0 0.1073820153061225 0.5400589923469388 0.04384566326530619 0.04065688775510203
0 0.20802774234693885 0.5360730229591837 0.03627232142857144 0.03826530612244898
0 0.2646285076530613 0.5386639030612246 0.030691964285714236 0.035475127551020426
0 0.3126594387755103 0.5342793367346939 0.03667091836734695 0.033083545918367284
0 0.36607142857142866 0.5326849489795918 0.035076530612244916 0.03706951530612246
0 0.4184869260204082 0.5316884566326531 0.035475127551020516 0.035873724489795936
0 0.5302933673469388 0.5326849489795918 0.03746811224489797 0.03946109693877551
0 0.6337292729591837 0.5284996811224489 0.03786670918367356 0.0390625
0 0.7405532525510206 0.5253109056122449 0.04025829081632644 0.035076530612244916
0 0.9235092474489797 0.5209263392857143 0.03148915816326543 0.03826530612244898
0 0.9195232780612246 0.43941326530612246 0.0394610969387756 0.04583864795918373
0 0.7413504464285714 0.43024553571428575 0.05141900510204085 0.033880739795918394
0 0.6351243622448981 0.4356265943877551 0.04783163265306119 0.043048469387755174
0 0.5213249362244898 0.44140625 0.0490274234693878 0.03866390306122449
0 0.41649394132653067 0.44319993622448983 0.0490274234693878 0.03985969387755102
0 0.35750159438775514 0.43921396683673475 0.042649872448979574 0.03427933673469381
0 0.3034917091836736 0.44140625 0.03826530612244898 0.033083545918367374
0 0.24988042091836743 0.442203443877551 0.042649872448979574 0.033880739795918394
0 0.19866071428571433 0.442203443877551 0.03985969387755102 0.033083545918367374
