1 0.6349250637755103 0.321827168367347 0.04823022959183678 0.052216198979591864
1 0.8419961734693878 0.31883769132653067 0.052614795918367284 0.04862882653061225
2 0.7112563775510204 0.31086575255102045 0.043845663265306103 0.043048469387755084
2 0.7176339285714286 0.3541135204081633 0.052614795918367284 0.04025829081632652
2 0.9177295918367345 0.31385522959183676 0.054209183673469316 0.04982461734693877
2 0.9217155612244898 0.3684630102040817 0.055803571428571355 0.04743303571428572
0 0.07708864795918371 0.5023915816326531 0.029496173469387755 0.027503188775510258
0 0.11535395408163267 0.5011957908163265 0.023915816326530615 0.025908801020408136
0 0.18172034438775514 0.5039859693877551 0.025908801020408177 0.020328443877551016
0 0.21500318877551022 0.5033880739795918 0.02471301020408161 0.020727040816326526
0 0.28435905612244905 0.5051817602040817 0.026307397959183642 0.02670599489795924
0 0.3214285714285715 0.5039859693877551 0.023118622448979574 0.027503188775510258
0 0.3533163265306123 0.5051817602040817 0.026307397959183732 0.028300382653061274
0 0.11236447704081635 0.5870934311224489 0.03069196428571428 0.025510204081632626
0 0.1482382015306123 0.5876913265306123 0.03069196428571428 0.027503188775510168
0 0.18152104591836737 0.5900829081632654 0.024713010204081655 0.028300382653061184
0 0.21580038265306128 0.5896843112244898 0.0294961734693878 0.026705994897959152
0 0.2831632653061225 0.5896843112244898 0.023915816326530594 0.021922831632653052
0 0.31784119897959184 0.5916772959183674 0.030293367346938816 0.022720025510204068
0 0.3537149234693878 0.5874920280612246 0.02869897959183678 0.02471301020408161
0 0.7022879464285715 0.542251275510204 0.041852678571428645 0.030691964285714322
0 0.772640306122449 0.5444435586734694 0.042251275510204064 0.027901785714285764
0 0.7696508290816327 0.6130022321428571 0.04025829081632661 0.028698979591836694
0 0.6281489158163266 0.46851084183673475 0.033880739795918394 0.028300382653061274
0 0.7004942602040817 0.46771364795918374 0.04623724489795915 0.030691964285714322
