0 0.3729482323232323 0.40944602272727276 0.04577020202020199 0.03472222222222228
0 0.45995107323232326 0.39208491161616166 0.050899621212121104 0.03393308080808084
0 0.5724037247474747 0.3668323863636364 0.04537563131313131 0.03472222222222219
0 0.7904040404040404 0.31691919191919193 0.05287247474747483 0.03274936868686869
0 0.8217724116161615 0.4656723484848485 0.050899621212121014 0.030381944444444465
0 0.5978535353535354 0.5175583964646465 0.061553030303030457 0.030776515151515138
0 0.6286300505050505 0.6645359848484849 0.05997474747474758 0.03511679292929291
0 0.529000946969697 0.6807133838383839 0.055634469696969724 0.04142992424242431
1 0.3094223484848485 0.4938841540404041 0.06549873737373738 0.06944444444444446
1 0.3441445707070708 0.6629577020202021 0.07575757575757577 0.06589330808080804
0 0.17290088383838387 0.48638731060606066 0.03472222222222223 0.019728535353535293
0 0.20348011363636367 0.63671875 0.03432765151515156 0.024463383838383822
0 0.26740056818181823 0.6264599116161615 0.03827335858585856 0.022095959595959603
0 0.13087910353535354 0.6532907196969697 0.03669507575757578 0.023674242424242386
0 0.06972064393939395 0.6678898358585859 0.03669507575757578 0.023674242424242386
0 0.08412247474747478 0.7546953914141415 0.03945707070707068 0.024463383838383822
0 0.15001578282828287 0.7400962752525253 0.031565656565656575 0.024463383838383822
0 0.28693181818181823 0.7108980429292929 0.03945707070707068 0.022095959595959603
