1 0.9425110479797981 0.5084832702020202 0.03511679292929308 0.03866792929292924
1 0.9417219065656566 0.67578125 0.02959280303030276 0.046559343434343425
1 0.9340277777777779 0.8618213383838385 0.039457070707070586 0.04853219696969706
0 0.5155855429292929 0.3826152146464647 0.06036931818181816 0.037878787878787935
0 0.510061553030303 0.5477430555555556 0.061947601010101036 0.03669507575757569
0 0.5059185606060607 0.7132654671717171 0.06234217171717162 0.03472222222222223
0 0.3879419191919192 0.7085306186868687 0.06470959595959594 0.044191919191919206
0 0.2602982954545455 0.7028093434343435 0.061947601010101036 0.0390625
0 0.14094065656565663 0.7000473484848485 0.06628787878787881 0.03748421717171713
0 0.14824021464646467 0.5311710858585859 0.07220643939393936 0.04142992424242422
0 0.2697679924242425 0.5323547979797981 0.06826073232323235 0.048532196969696975
0 0.39484690656565663 0.5374842171717172 0.07378472222222224 0.046164772727272665
0 0.15376420454545453 0.36170296717171724 0.06747159090909091 0.05050505050505052
0 0.2743055555555556 0.3701862373737374 0.06234217171717171 0.04537563131313131
