1 0.6377203525641025 0.27363782051282054 0.06109775641025639 0.059595352564102554
1 0.6397235576923077 0.2728866185897436 0.04807692307692309 0.05608974358974361
0 0.7867087339743591 0.33899238782051283 0.05759214743589754 0.04607371794871797
0 0.8808593750000002 0.3389923878205129 0.059595352564102554 0.038060897435897446
0 0.7849559294871795 0.47220552884615385 0.06410256410256424 0.040064102564102554
0 0.8818609775641025 0.46895032051282054 0.0646033653846155 0.044571314102564055
0 0.49724559294871795 0.5080128205128205 0.04657451923076916 0.040564903846153834
0 0.5012520032051283 0.580879407051282 0.02554086538461542 0.04206730769230767
0 0.4063501602564103 0.5187800480769231 0.03806089743589749 0.03505608974358978
0 0.36753806089743596 0.3948317307692308 0.046574519230769204 0.03155048076923075
0 0.2971754807692308 0.5493289262820513 0.04106570512820511 0.034054487179487225
0 0.366786858974359 0.5543369391025641 0.0390625 0.03305288461538458
0 0.2941706730769231 0.705078125 0.04507211538461538 0.031049679487179384
1 0.2198016826923077 0.7013221153846154 0.05158253205128201 0.05158253205128212
