0 0.116386217948718 0.25310496794871795 0.0671073717948718 0.04256810897435894
0 0.38406450320512825 0.26287059294871795 0.050580929487179474 0.0390625
0 0.5425681089743589 0.26687700320512825 0.06410256410256414 0.03104967948717947
0 0.5771233974358975 0.47896634615384615 0.022035256410256387 0.03655849358974361
0 0.5741185897435898 0.5247896634615385 0.024038461538461498 0.02904647435897436
0 0.5761217948717949 0.5946514423076923 0.030048076923076917 0.028545673076923083
0 0.5738681891025641 0.6404747596153847 0.024539262820512865 0.034054487179487135
0 0.5743689903846153 0.7095853365384616 0.028545673076923083 0.03205128205128212
0 0.6635116185897436 0.48372395833333337 0.02754407051282053 0.03305288461538458
0 0.6617588141025641 0.5262920673076923 0.020032051282051277 0.027043269230769253
0 0.6605068108974359 0.5941506410256411 0.024539262820512865 0.02954727564102564
0 0.6577524038461539 0.6422275641025641 0.02904647435897436 0.02954727564102564
0 0.7478966346153847 0.4827223557692307 0.026041666666666696 0.03605769230769233
0 0.7461438301282051 0.5277944711538461 0.022536057692307664 0.027043269230769162
0 0.7466446314102564 0.6001602564102564 0.028545673076923083 0.03956330128205128
0 0.7443910256410257 0.6499899839743589 0.022035256410256387 0.030048076923076917
0 0.7949719551282051 0.34775641025641024 0.03104967948717947 0.024539262820512865
0 0.8568209134615387 0.3530148237179488 0.030548878205128284 0.02904647435897436
0 0.4601862980769232 0.18499599358974367 0.02954727564102564 0.050580929487179495
2 0.42513020833333337 0.588641826923077 0.03655849358974352 0.09064503205128202
2 0.8510616987179489 0.6429787660256411 0.04807692307692317 0.09915865384615383
1 0.5323016826923077 0.41486378205128205 0.0696113782051282 0.06059695512820511
1 0.353515625 0.4979967948717949 0.06961137820512824 0.04857772435897436
1 0.7924679487179488 0.43214142628205127 0.04106570512820529 0.0390625
